   5.2334124e-01
   3.8801854e-01
   4.2818812e-01
   4.6683200e-01
   5.3373942e-01
   4.7267676e-01
   3.1404879e-01
   2.7329885e-01
   2.6059736e-01
   2.7612331e-01
   2.9797766e-01
   3.0643082e-01
   3.0159189e-01
   4.2610144e-01
   3.1104887e-01
   3.0970817e-01
   3.0052463e-01
   3.0413694e-01
   3.0606894e-01
   3.1784426e-01
   3.3411897e-01
   4.4251902e-01
   5.1597873e-01
   5.0961173e-01
   5.0789404e-01
   5.0453557e-01
   5.4215516e-01
   6.4141532e-01
   6.9762667e-01
   7.0492520e-01
   7.0799461e-01
   7.2636483e-01
   7.2748871e-01
   7.2801231e-01
   7.1617689e-01
   7.5581984e-01
   7.7032636e-01
   7.7568741e-01
   7.5079903e-01
   7.3888090e-01
   7.0573090e-01
   6.9664156e-01
   6.1912543e-01
   5.7119005e-01
   8.8140108e-01
   8.4736873e-01
   8.5728592e-01
   8.5688801e-01
   8.7017055e-01
   8.7077794e-01
   8.3117306e-01
   8.6334677e-01
   8.5745593e-01
   8.3464552e-01
   8.2066865e-01
   8.0488226e-01
   7.7503801e-01
   8.0351154e-01
   8.5141966e-01
   8.3688215e-01
   8.2159319e-01
   7.9515844e-01
   7.4821538e-01
   7.2297829e-01
   6.7936422e-01
   7.1193295e-01
   9.3420974e-01
   9.1498957e-01
   9.1864792e-01
   9.2947217e-01
   9.1905730e-01
   9.1950251e-01
   9.0379296e-01
   8.9927324e-01
   8.8871364e-01
   8.8357329e-01
   8.9271143e-01
   8.7814669e-01
   8.5130919e-01
   8.7825450e-01
   8.9555281e-01
   8.8693665e-01
   8.6974726e-01
   8.7225812e-01
   8.4730305e-01
   8.5668544e-01
   8.1838743e-01
   7.9460826e-01
   8.6193254e-01
   8.1962970e-01
   7.8649828e-01
   8.0387266e-01
   7.9629301e-01
   7.5775673e-01
   7.2349968e-01
   7.1698464e-01
   7.2648905e-01
   6.8790111e-01
   6.6627741e-01
   6.5524253e-01
   6.5190726e-01
   6.8333927e-01
   7.2971367e-01
   7.1478781e-01
   6.6970620e-01
   6.5537583e-01
   6.2830821e-01
   6.2387871e-01
   6.8192490e-01
   7.1862706e-01
   7.4196782e-01
   7.0150235e-01
   6.9820799e-01
   7.6203268e-01
   7.7854891e-01
   7.2993635e-01
   7.1480157e-01
   7.6008226e-01
   7.2827213e-01
   7.1679602e-01
   7.0243882e-01
   6.9791059e-01
   7.0425361e-01
   7.3674751e-01
   7.3203845e-01
   7.1750865e-01
   7.1266855e-01
   7.6306110e-01
   7.0089953e-01
   7.3903967e-01
   7.1434162e-01
   6.9232727e-01
   6.3034028e-01
   6.3725933e-01
   6.3831521e-01
   7.1681784e-01
   7.2724897e-01
   7.1475363e-01
   7.0332989e-01
   6.9725395e-01
   7.0949578e-01
   7.3093151e-01
   7.1577293e-01
   7.1105805e-01
   6.7577813e-01
   7.1479991e-01
   7.4231121e-01
   7.4072012e-01
   6.9260411e-01
   7.0986627e-01
   6.6805058e-01
   6.3914782e-01
   5.9561825e-01
   5.3546803e-01
   6.5282137e-01
   6.2163172e-01
   6.1594716e-01
   6.8179774e-01
   6.7178220e-01
   6.3715059e-01
   5.9159912e-01
   6.2356693e-01
   6.3758459e-01
   5.8786624e-01
   5.6243185e-01
   5.3951845e-01
   5.2816432e-01
   5.6935818e-01
   6.2418476e-01
   6.2995402e-01
   5.9651012e-01
   5.9309115e-01
   5.7856281e-01
   5.6996001e-01
   6.1279504e-01
   6.2684927e-01
   6.0432049e-01
   6.4374225e-01
   6.2654481e-01
   6.3447051e-01
   6.9168334e-01
   6.9374616e-01
   6.9033267e-01
   6.7599639e-01
   6.8206662e-01
   6.9794713e-01
   6.8894168e-01
   6.5450310e-01
   6.4186372e-01
   6.5228610e-01
   6.8878620e-01
   7.0035156e-01
   6.4620567e-01
   6.4702583e-01
   6.1469474e-01
   6.0431921e-01
   5.7242586e-01
   5.4605479e-01
   9.2562897e-01
   9.0181258e-01
   9.0846796e-01
   9.1793119e-01
   9.0487754e-01
   9.0163952e-01
   8.9686895e-01
   8.9363633e-01
   8.8068960e-01
   8.8469855e-01
   8.7788207e-01
   8.5979982e-01
   8.3052488e-01
   8.5237722e-01
   8.7449848e-01
   8.6844659e-01
   8.5925859e-01
   8.6007991e-01
   8.3121897e-01
   8.5273272e-01
   8.1046264e-01
   7.9486554e-01
   6.5147406e-01
   6.7367979e-01
   6.8744617e-01
   7.3219748e-01
   7.1541164e-01
   7.1632574e-01
   7.1021498e-01
   6.9621788e-01
   7.0209530e-01
   7.2662430e-01
   7.2365149e-01
   7.2147595e-01
   7.0608090e-01
   7.1081090e-01
   7.1936416e-01
   7.2194673e-01
   6.9356396e-01
   7.0633219e-01
   6.6974930e-01
   6.2355578e-01
   5.9241057e-01
   5.4094290e-01
   6.4765755e-01
   6.4966760e-01
   6.8277398e-01
   7.3435170e-01
   7.1225223e-01
   7.2543830e-01
   7.1503140e-01
   7.1586826e-01
   7.1437035e-01
   7.2230342e-01
   7.1953946e-01
   7.0506851e-01
   6.9162930e-01
   7.3142292e-01
   7.5416703e-01
   7.5731310e-01
   7.2567023e-01
   7.3372089e-01
   6.6186548e-01
   6.5496081e-01
   6.0196253e-01
   5.8864202e-01
   9.2367422e-01
   9.0734607e-01
   8.8163335e-01
   9.0649056e-01
   9.2727039e-01
   9.2280985e-01
   8.8919882e-01
   8.9405102e-01
   8.6167213e-01
   8.7298948e-01
   8.5525064e-01
   8.5829327e-01
   8.2228191e-01
   8.5516619e-01
   8.6644851e-01
   8.5042210e-01
   8.2391372e-01
   8.3120543e-01
   7.9730356e-01
   8.0717997e-01
   7.7035229e-01
   7.5393236e-01
   7.0626343e-01
   6.9718582e-01
   7.1160840e-01
   7.8982537e-01
   8.0221002e-01
   8.2129781e-01
   8.3515474e-01
   8.2622335e-01
   8.3718848e-01
   8.3678076e-01
   8.1453098e-01
   8.1348555e-01
   7.8040963e-01
   8.1642231e-01
   8.4072036e-01
   8.3514814e-01
   8.0580518e-01
   8.0364324e-01
   7.5036205e-01
   7.4738236e-01
   6.9403320e-01
   6.8964976e-01
   6.5488488e-01
   6.6798076e-01
   6.5589393e-01
   7.1261566e-01
   7.2395241e-01
   7.2634168e-01
   7.1813557e-01
   6.9732948e-01
   7.1316036e-01
   7.4086731e-01
   7.3666324e-01
   7.2238826e-01
   7.0849668e-01
   7.4511257e-01
   7.5255933e-01
   7.6476357e-01
   7.4990611e-01
   7.3047208e-01
   6.9925556e-01
   6.6850712e-01
   5.9346640e-01
   5.6713346e-01
   9.2107025e-01
   8.9362745e-01
   9.0375318e-01
   8.9235091e-01
   8.9433382e-01
   8.7268261e-01
   8.3048079e-01
   8.3925524e-01
   8.2648438e-01
   8.0865470e-01
   8.0638305e-01
   7.7770685e-01
   7.3129232e-01
   7.9490723e-01
   8.1166452e-01
   7.9465731e-01
   7.8782759e-01
   7.6560614e-01
   7.4255764e-01
   7.2820263e-01
   7.1623436e-01
   7.4612458e-01
   6.1432143e-01
   6.2182754e-01
   6.2367854e-01
   7.1612230e-01
   6.9277999e-01
   6.9859877e-01
   6.9608294e-01
   6.5865866e-01
   6.8250643e-01
   7.0182404e-01
   6.8655897e-01
   6.7078303e-01
   6.6606268e-01
   7.0100234e-01
   6.9728471e-01
   6.9353011e-01
   6.8324865e-01
   6.7235588e-01
   6.3267017e-01
   6.1324618e-01
   5.6964698e-01
   5.8180440e-01
