   4.4848564e+01
   2.9563190e+01
   3.2819600e+01
   3.6039249e+01
   5.3901922e+01
   4.3821055e+01
   2.3970015e+01
   2.0718296e+01
   1.9662491e+01
   2.0903311e+01
   2.2992570e+01
   2.4197843e+01
   2.3213033e+01
   4.1126124e+01
   2.3830324e+01
   2.3582444e+01
   2.2827717e+01
   2.3029400e+01
   2.3179284e+01
   2.4092419e+01
   2.5356492e+01
   3.3840211e+01
   6.1218225e+01
   6.2158816e+01
   6.2085451e+01
   6.1991364e+01
   6.4793537e+01
   7.3590483e+01
   7.8165330e+01
   7.8033022e+01
   7.8316582e+01
   7.9826044e+01
   7.9736969e+01
   7.9607106e+01
   7.8320037e+01
   8.2023224e+01
   8.3076054e+01
   8.2608592e+01
   8.0107787e+01
   7.8296967e+01
   7.2759108e+01
   6.7437168e+01
   5.5334742e+01
   4.6870825e+01
   9.1070654e+01
   8.9152510e+01
   9.0193983e+01
   9.0140288e+01
   9.1319238e+01
   9.1607556e+01
   8.7741597e+01
   9.0707557e+01
   9.0428696e+01
   8.8529357e+01
   8.7640839e+01
   8.6137682e+01
   8.3210692e+01
   8.6291207e+01
   8.9194584e+01
   8.7117575e+01
   8.4784864e+01
   8.2738536e+01
   7.4760420e+01
   7.3193219e+01
   6.5860773e+01
   6.0619406e+01
   9.6558318e+01
   9.5309379e+01
   9.5518634e+01
   9.6250997e+01
   9.5767165e+01
   9.6198660e+01
   9.4861092e+01
   9.4291095e+01
   9.3258571e+01
   9.2975322e+01
   9.3679246e+01
   9.2431077e+01
   8.9969148e+01
   9.2473783e+01
   9.3695389e+01
   9.2328925e+01
   9.0700065e+01
   9.0642081e+01
   8.6941771e+01
   8.5015885e+01
   7.6905171e+01
   7.0360012e+01
   8.1892245e+01
   7.3159075e+01
   6.6163007e+01
   7.3960470e+01
   7.8687006e+01
   7.5822830e+01
   7.0530971e+01
   7.1376678e+01
   7.3956505e+01
   6.7412469e+01
   6.1986125e+01
   5.9328205e+01
   5.8334361e+01
   6.4836253e+01
   7.1948317e+01
   7.0004164e+01
   6.3802890e+01
   5.9492154e+01
   5.2911008e+01
   5.0159216e+01
   5.5768076e+01
   6.2644851e+01
   8.0841396e+01
   7.8491259e+01
   7.8184831e+01
   8.3105749e+01
   8.4367993e+01
   8.1042847e+01
   7.9757465e+01
   8.3099015e+01
   8.0203133e+01
   7.9055046e+01
   7.7738624e+01
   7.7279478e+01
   7.8028383e+01
   8.1086299e+01
   7.9938831e+01
   7.5548550e+01
   7.4723104e+01
   8.0320220e+01
   6.6883842e+01
   6.8089232e+01
   6.4382719e+01
   6.2696157e+01
   7.1348719e+01
   7.0703006e+01
   7.0887754e+01
   7.7162106e+01
   7.9489411e+01
   7.8994447e+01
   7.8020805e+01
   7.6285508e+01
   7.7369977e+01
   7.9102219e+01
   7.6779603e+01
   7.5864417e+01
   7.1667705e+01
   7.7127745e+01
   7.9205267e+01
   7.7505967e+01
   7.2929668e+01
   7.2390825e+01
   6.4782657e+01
   5.9132921e+01
   5.2057417e+01
   4.5484954e+01
   6.2625139e+01
   5.3563787e+01
   5.0471052e+01
   6.0668718e+01
   6.4880558e+01
   6.1741631e+01
   5.5440480e+01
   6.0113121e+01
   6.3680640e+01
   5.5725228e+01
   5.0061872e+01
   4.5869082e+01
   4.4752624e+01
   5.1213512e+01
   5.8403988e+01
   5.8805198e+01
   5.3891613e+01
   5.1713107e+01
   4.7909313e+01
   4.6494238e+01
   5.1522825e+01
   5.6747268e+01
   6.6332573e+01
   7.1413122e+01
   7.0646801e+01
   6.8049584e+01
   7.6357966e+01
   7.7311555e+01
   7.7123054e+01
   7.5255286e+01
   7.4617924e+01
   7.6697433e+01
   7.6301563e+01
   7.1288481e+01
   7.1061590e+01
   7.1833926e+01
   7.5168210e+01
   7.5827157e+01
   7.0076222e+01
   6.9430639e+01
   6.2470449e+01
   5.7588369e+01
   5.0035215e+01
   4.4673579e+01
   9.5545058e+01
   9.4025875e+01
   9.4759138e+01
   9.5498055e+01
   9.4631418e+01
   9.4765432e+01
   9.4335299e+01
   9.3873399e+01
   9.2740025e+01
   9.3082503e+01
   9.2499718e+01
   9.1045154e+01
   8.8432317e+01
   9.0497089e+01
   9.2122527e+01
   9.1082915e+01
   9.0072834e+01
   8.9831030e+01
   8.5511119e+01
   8.5226281e+01
   7.6588838e+01
   7.0614072e+01
   7.0184598e+01
   7.4282775e+01
   7.6004728e+01
   7.8764910e+01
   7.7144910e+01
   7.8931929e+01
   7.8512335e+01
   7.6464430e+01
   7.6814631e+01
   7.9300433e+01
   7.9150177e+01
   7.8966800e+01
   7.7509584e+01
   7.8103473e+01
   7.8345702e+01
   7.7263582e+01
   7.5031158e+01
   7.5428218e+01
   7.0204129e+01
   6.2316746e+01
   5.4514919e+01
   4.2851424e+01
   7.2214732e+01
   7.3356337e+01
   7.5907282e+01
   7.9913694e+01
   7.8335917e+01
   8.0377035e+01
   7.9576563e+01
   7.9135373e+01
   7.8609537e+01
   7.9588859e+01
   7.9137372e+01
   7.8025186e+01
   7.6705177e+01
   8.0471376e+01
   8.2120727e+01
   8.1081810e+01
   7.7435899e+01
   7.8454300e+01
   6.8343534e+01
   6.3614284e+01
   5.5478083e+01
   5.1176519e+01
   9.6606953e+01
   9.5202962e+01
   9.2970054e+01
   9.4792149e+01
   9.6853905e+01
   9.6568102e+01
   9.3767856e+01
   9.3800246e+01
   9.0759431e+01
   9.2046697e+01
   9.0740575e+01
   9.0952411e+01
   8.7770532e+01
   9.0740056e+01
   9.1719275e+01
   9.0054035e+01
   8.7176282e+01
   8.7332996e+01
   8.3070419e+01
   8.2552412e+01
   7.6377750e+01
   6.7269989e+01
   7.8173283e+01
   7.7593110e+01
   7.8954100e+01
   8.4974787e+01
   8.6492839e+01
   8.8447485e+01
   8.9435699e+01
   8.8329411e+01
   8.9137913e+01
   8.9277286e+01
   8.7433007e+01
   8.7333834e+01
   8.4030121e+01
   8.7455960e+01
   8.9385921e+01
   8.8591674e+01
   8.5891995e+01
   8.5030370e+01
   7.8605909e+01
   7.5255146e+01
   6.5374777e+01
   6.2548262e+01
   7.1886225e+01
   7.4905659e+01
   7.4033432e+01
   7.8235888e+01
   7.8920555e+01
   8.0109754e+01
   7.9630398e+01
   7.7357986e+01
   7.8681119e+01
   8.0887404e+01
   8.0645218e+01
   7.9500449e+01
   7.7943059e+01
   8.1383198e+01
   8.1990875e+01
   8.2490560e+01
   8.0641565e+01
   7.8042886e+01
   7.3654707e+01
   6.7865845e+01
   5.6323281e+01
   4.5701779e+01
   9.4425182e+01
   9.1664928e+01
   9.2526573e+01
   9.1338396e+01
   9.2938033e+01
   9.0524345e+01
   8.5395939e+01
   8.6590075e+01
   8.5295832e+01
   8.3183383e+01
   8.1919391e+01
   7.8060733e+01
   7.1269951e+01
   8.2352708e+01
   8.1469398e+01
   7.8009843e+01
   7.6382662e+01
   7.1561808e+01
   6.5084148e+01
   5.9603808e+01
   5.9173064e+01
   6.5645196e+01
   6.4844483e+01
   6.8457723e+01
   6.9717131e+01
   7.6740969e+01
   7.4600853e+01
   7.6651942e+01
   7.7074942e+01
   7.2184706e+01
   7.4922088e+01
   7.6566854e+01
   7.4813946e+01
   7.2793746e+01
   7.2258603e+01
   7.6309507e+01
   7.5329955e+01
   7.4034994e+01
   7.2006222e+01
   6.8935811e+01
   6.2228002e+01
   5.7039438e+01
   4.9298252e+01
   4.7986226e+01
