   1.7661586e-01
   5.1822589e-04
   4.5625163e-03
   1.1420511e-02
   5.0543985e-01
   2.9244938e-01
   5.6291944e-03
   2.3604917e-03
   3.4828269e-06
   1.2823890e-03
   1.4917394e-02
   3.4719528e-02
   1.2827556e-02
   3.3011260e-01
   8.8097187e-03
   3.9054808e-03
   2.4695074e-03
   6.3336361e-06
   1.2066303e-05
   2.4829402e-05
   6.4020153e-05
   1.3080571e-03
   8.6337141e-01
   9.2320294e-01
   9.2575277e-01
   9.3279250e-01
   9.2661233e-01
   9.6783866e-01
   9.7371494e-01
   9.4418259e-01
   9.4589638e-01
   9.4831771e-01
   9.4090838e-01
   9.3377821e-01
   9.1913419e-01
   9.4283391e-01
   9.3888237e-01
   9.0177987e-01
   8.7968684e-01
   8.4365010e-01
   7.2300871e-01
   5.3436948e-01
   2.9311390e-01
   1.0964925e-01
   9.0521139e-01
   9.3775531e-01
   9.4836924e-01
   9.4744742e-01
   9.5265802e-01
   9.6266446e-01
   9.3247855e-01
   9.4973270e-01
   9.5758660e-01
   9.5382185e-01
   9.6296379e-01
   9.5244699e-01
   9.2896399e-01
   9.6336981e-01
   9.2613218e-01
   8.8770333e-01
   8.4118844e-01
   8.4317429e-01
   6.6721201e-01
   6.8479350e-01
   5.2571258e-01
   2.1272780e-01
   9.5903052e-01
   9.7063757e-01
   9.6724341e-01
   9.6191592e-01
   9.7625019e-01
   9.9277603e-01
   9.8903817e-01
   9.8023399e-01
   9.7214207e-01
   9.7734838e-01
   9.7644790e-01
   9.7261569e-01
   9.5875485e-01
   9.7403971e-01
   9.6771296e-01
   9.3928289e-01
   9.2827270e-01
   9.1756845e-01
   8.4610673e-01
   7.3568814e-01
   5.2776051e-01
   3.3962583e-01
   5.9033494e-01
   3.7234581e-01
   1.9888371e-01
   4.5494194e-01
   6.7221449e-01
   6.7985777e-01
   5.7401402e-01
   6.2966478e-01
   7.0478224e-01
   5.6148119e-01
   4.1062210e-01
   3.3886961e-01
   3.0970212e-01
   4.7138414e-01
   6.1188089e-01
   5.8060993e-01
   4.7309652e-01
   3.4500583e-01
   1.6928335e-01
   7.7125280e-02
   1.1638543e-01
   2.7175352e-01
   9.3923738e-01
   9.7454509e-01
   9.7261416e-01
   9.6746186e-01
   9.6559580e-01
   9.8727911e-01
   9.8354654e-01
   9.7361481e-01
   9.5774877e-01
   9.4769658e-01
   9.4009930e-01
   9.3586920e-01
   9.4619847e-01
   9.6663703e-01
   9.3434070e-01
   7.9977479e-01
   7.8145129e-01
   8.4824798e-01
   4.9820539e-01
   4.2502620e-01
   3.5449070e-01
   3.5656924e-01
   9.1082421e-01
   8.6135414e-01
   8.6556870e-01
   8.6890804e-01
   9.3139007e-01
   9.5189388e-01
   9.4892141e-01
   8.9667732e-01
   9.0157152e-01
   9.0317439e-01
   8.5646019e-01
   8.3395554e-01
   7.7553834e-01
   8.7409997e-01
   8.7008171e-01
   8.0486054e-01
   7.7281414e-01
   6.9439684e-01
   5.1816479e-01
   3.8188040e-01
   2.3662153e-01
   1.6436388e-01
   4.7932683e-01
   2.1533931e-01
   1.1269165e-01
   3.0877884e-01
   5.1017917e-01
   4.9358496e-01
   3.8392543e-01
   4.7093990e-01
   5.7111896e-01
   4.0718896e-01
   2.6084377e-01
   1.6693727e-01
   1.5818361e-01
   2.8491600e-01
   3.9996386e-01
   3.9782386e-01
   3.0651222e-01
   2.3088996e-01
   1.2724091e-01
   9.8974361e-02
   1.6280893e-01
   3.2514795e-01
   7.8775477e-01
   8.6962458e-01
   8.9407115e-01
   7.6060911e-01
   9.1797776e-01
   9.5089824e-01
   9.5427135e-01
   9.2360757e-01
   8.7720112e-01
   9.1152854e-01
   9.2463560e-01
   8.2927697e-01
   8.6117870e-01
   8.5913984e-01
   8.7803003e-01
   8.6748022e-01
   8.0616174e-01
   7.7678931e-01
   5.9532833e-01
   4.3012070e-01
   2.2880330e-01
   1.0114809e-01
   9.4522844e-01
   9.6076673e-01
   9.6929706e-01
   9.6875966e-01
   9.7586356e-01
   9.9218355e-01
   9.9004407e-01
   9.8148276e-01
   9.7708212e-01
   9.7809292e-01
   9.7635408e-01
   9.7553398e-01
   9.6339162e-01
   9.7723339e-01
   9.7182374e-01
   9.4851201e-01
   9.3680627e-01
   9.2402890e-01
   8.3966655e-01
   7.5730597e-01
   5.4044590e-01
   3.4897376e-01
   7.9346432e-01
   8.9076773e-01
   9.1719631e-01
   8.8499775e-01
   8.7280613e-01
   9.4411602e-01
   9.4674523e-01
   9.0751649e-01
   9.0278180e-01
   9.2557926e-01
   9.2910318e-01
   9.2862577e-01
   9.1859429e-01
   9.2776147e-01
   9.0972726e-01
   8.5630224e-01
   8.5668660e-01
   8.3134745e-01
   7.3475620e-01
   5.6055742e-01
   3.4425988e-01
   4.7737460e-02
   8.9010110e-01
   9.3099004e-01
   9.2848513e-01
   9.2568336e-01
   9.3269788e-01
   9.7433448e-01
   9.7524374e-01
   9.5409671e-01
   9.3712343e-01
   9.5180710e-01
   9.4209767e-01
   9.4338490e-01
   9.3260478e-01
   9.5854956e-01
   9.5234122e-01
   8.9874930e-01
   8.5124479e-01
   8.6709940e-01
   6.8374837e-01
   5.1263032e-01
   3.5273191e-01
   2.2354672e-01
   9.9598140e-01
   9.9152723e-01
   9.8355226e-01
   9.7722354e-01
   9.9436061e-01
   9.9722674e-01
   9.9177995e-01
   9.7705807e-01
   9.5743013e-01
   9.7365563e-01
   9.7788238e-01
   9.7665072e-01
   9.6304045e-01
   9.7814012e-01
   9.8164858e-01
   9.6522565e-01
   9.3289891e-01
   9.1536849e-01
   8.4989210e-01
   7.9603233e-01
   6.6171355e-01
   3.4479381e-01
   9.4562263e-01
   9.5131474e-01
   9.6056591e-01
   9.5367916e-01
   9.7607500e-01
   9.9452879e-01
   9.8993072e-01
   9.7331686e-01
   9.7078364e-01
   9.7794384e-01
   9.7457664e-01
   9.7389529e-01
   9.4537955e-01
   9.6928464e-01
   9.6944791e-01
   9.5475806e-01
   9.3916835e-01
   9.1043877e-01
   8.1883278e-01
   6.9025450e-01
   4.5901306e-01
   3.5911174e-01
   8.5280990e-01
   9.3537440e-01
   9.3874413e-01
   9.2733926e-01
   9.1855832e-01
   9.6021535e-01
   9.6726282e-01
   9.4104867e-01
   9.4408478e-01
   9.4477707e-01
   9.4853353e-01
   9.4784469e-01
   9.2869282e-01
   9.5144734e-01
   9.5222906e-01
   9.3283196e-01
   9.0480269e-01
   8.6068239e-01
   7.8107548e-01
   6.4262186e-01
   4.1353712e-01
   7.7371667e-02
   9.1369397e-01
   8.8956584e-01
   8.9195523e-01
   8.8021195e-01
   9.4018975e-01
   9.1126977e-01
   8.3731777e-01
   8.5799009e-01
   8.4630098e-01
   8.1731160e-01
   7.7247232e-01
   7.0697936e-01
   5.7904186e-01
   8.2800763e-01
   7.3662643e-01
   6.4972921e-01
   6.0521597e-01
   4.8048775e-01
   2.9349674e-01
   1.2332729e-01
   1.4315846e-01
   3.0459473e-01
   6.9390906e-01
   8.1866593e-01
   8.6483583e-01
   8.5371245e-01
   8.4140728e-01
   9.0749700e-01
   9.3336131e-01
   8.5284877e-01
   8.8839372e-01
   8.9337302e-01
   8.7061956e-01
   8.3845294e-01
   8.3170495e-01
   8.8537621e-01
   8.5689603e-01
   8.1550907e-01
   7.6517084e-01
   6.7408343e-01
   5.2769438e-01
   3.7973125e-01
   2.0843324e-01
   1.2040813e-01
