1513 23.5409 1511 1512
1516 0 1514 1515
1519 2.5543 1517 1518
1522 2.2405 1520 1521
1525 46.3561 1523 1524
1528 13.2103 1526 1527
1531 2.2789 1529 1530
1534 1.4657 1532 1533
1537 0.5810 1535 1536
1540 1.2348 1538 1539
1543 2.5594 1541 1542
1546 10.9053 1544 1545
1549 2.1870 1547 1548
1552 21.3527 1550 1551
1555 1.0176 1553 1554
1558 0.9125 1556 1557
1561 1.7669 1559 1560
1564 0.7931 1562 1563
1567 0.1676 1565 1566
1570 1.0523 1568 1569
1573 0.0037 1571 1572
1576 12.0339 1574 1575
1579 56.4739 1577 1578
1582 56.9966 1580 1581
1585 53.8712 1583 1584
1588 52.5962 1586 1587
1591 56.9113 1589 1590
1594 63.5517 1592 1593
1597 68.5767 1595 1596
1600 70.8992 1598 1599
1603 73.8750 1601 1602
1606 71.1168 1604 1605
1609 69.9329 1607 1608
1612 70.9175 1610 1611
1615 74.1442 1613 1614
1618 72.8076 1616 1617
1621 79.8240 1619 1620
1624 80.0361 1622 1623
1627 76.4133 1625 1626
1630 74.1413 1628 1629
1633 72.8993 1631 1632
1636 60.1991 1634 1635
1639 43.2444 1637 1638
1642 4.8639 1640 1641
1645 96.8344 1643 1644
1648 97.9687 1646 1647
1651 98.0459 1649 1650
1654 98.2117 1652 1653
1657 97.7256 1655 1656
1660 96.5498 1658 1659
1663 92.5140 1661 1662
1666 93.0256 1664 1665
1669 93.8878 1667 1668
1672 95.2435 1670 1671
1675 93.0271 1673 1674
1678 89.4180 1676 1677
1681 94.7296 1679 1680
1684 96.9391 1682 1683
1687 92.6189 1685 1686
1690 97.3232 1688 1689
1693 92.6775 1691 1692
1696 93.1010 1694 1695
1699 95.3616 1697 1698
1702 91.3283 1700 1701
1705 91.1938 1703 1704
1708 90.2786 1706 1707
1711 90.4216 1709 1710
1714 96.8046 1712 1713
1717 92.1049 1715 1716
1720 93.0612 1718 1719
1723 92.5693 1721 1722
1726 96.9163 1724 1725
1729 96.9352 1727 1728
1732 95.4827 1730 1731
1735 96.0674 1733 1734
1738 94.2918 1736 1737
1741 91.5494 1739 1740
1744 90.1478 1742 1743
1747 89.3041 1745 1746
1750 92.4935 1748 1749
1753 95.3094 1751 1752
1756 96.0321 1754 1755
1759 95.5494 1757 1758
1762 95.3665 1760 1761
1765 96.8435 1763 1764
1768 90.1570 1766 1767
1771 91.4949 1769 1770
1774 89.7548 1772 1773
1777 59.2480 1775 1776
1780 53.3825 1778 1779
1783 42.8226 1781 1782
1786 48.0419 1784 1785
1789 42.9773 1787 1788
1792 58.5604 1790 1791
1795 60.9205 1793 1794
1798 58.6562 1796 1797
1801 62.9793 1799 1800
1804 53.7250 1802 1803
1807 42.8706 1805 1806
1810 42.9274 1808 1809
1813 40.8791 1811 1812
1816 40.9483 1814 1815
1819 54.8921 1817 1818
1822 54.9158 1820 1821
1825 43.8275 1823 1824
1828 40.4816 1826 1827
1831 36.3514 1829 1830
1834 24.4408 1832 1833
1837 24.0863 1835 1836
1840 25.2589 1838 1839
1843 90.4499 1841 1842
1846 92.4417 1844 1845
1849 90.9010 1847 1848
1852 90.5596 1850 1851
1855 94.1706 1853 1854
1858 96.5316 1856 1857
1861 90.1979 1859 1860
1864 88.7495 1862 1863
1867 85.8848 1865 1866
1870 89.5516 1868 1869
1873 72.9616 1871 1872
1876 86.4804 1874 1875
1879 81.4400 1877 1878
1882 88.9732 1880 1881
1885 92.1900 1883 1884
1888 89.4470 1886 1887
1891 88.8642 1889 1890
1894 91.2520 1892 1893
1897 90.9029 1895 1896
1900 92.9175 1898 1899
1903 91.3326 1901 1902
1906 89.1075 1904 1905
1909 83.3137 1907 1908
1912 79.5023 1910 1911
1915 79.2294 1913 1914
1918 80.7641 1916 1917
1921 90.6448 1919 1920
1924 86.5125 1922 1923
1927 80.4519 1925 1926
1930 86.3785 1928 1929
1933 87.4957 1931 1932
1936 80.3114 1934 1935
1939 82.8162 1937 1938
1942 84.5175 1940 1941
1945 84.1456 1943 1944
1948 81.5096 1946 1947
1951 82.3452 1949 1950
1954 87.0279 1952 1953
1957 84.2505 1955 1956
1960 89.0358 1958 1959
1963 88.4120 1961 1962
1966 83.1940 1964 1965
1969 89.2604 1967 1968
1972 86.3154 1970 1971
1975 76.5456 1973 1974
1978 60.2139 1976 1977
1981 50.2335 1979 1980
1984 62.9970 1982 1983
1987 72.3951 1985 1986
1990 76.4321 1988 1989
1993 70.9234 1991 1992
1996 68.7427 1994 1995
1999 70.0911 1997 1998
2002 66.2119 2000 2001
2005 62.6613 2003 2004
2008 49.0696 2006 2007
2011 46.7227 2009 2010
2014 51.5584 2012 2013
2017 63.2433 2015 2016
2020 72.2229 2018 2019
2023 72.7259 2021 2022
2026 76.0526 2024 2025
2029 72.1465 2027 2028
2032 79.6523 2030 2031
2035 84.4691 2033 2034
2038 80.2304 2036 2037
2041 65.6281 2039 2040
2044 70.4695 2042 2043
2047 68.4668 2045 2046
2050 50.7399 2048 2049
2053 63.0844 2051 2052
2056 76.9594 2054 2055
2059 69.4521 2057 2058
2062 70.5740 2060 2061
2065 72.7303 2063 2064
2068 79.4345 2066 2067
2071 79.1654 2069 2070
2074 60.2766 2072 2073
2077 62.3213 2075 2076
2080 68.9680 2078 2079
2083 77.0621 2081 2082
2086 78.4450 2084 2085
2089 68.9053 2087 2088
2092 81.5428 2090 2091
2095 60.2036 2093 2094
2098 63.2780 2096 2097
2101 78.1901 2099 2100
2104 76.4785 2102 2103
2107 92.5703 2105 2106
2110 96.4165 2108 2109
2113 96.7319 2111 2112
2116 92.2704 2114 2115
2119 97.2137 2117 2118
2122 97.7595 2120 2121
2125 93.2140 2123 2124
2128 94.2333 2126 2127
2131 91.0771 2129 2130
2134 92.1560 2132 2133
2137 94.2045 2135 2136
2140 90.5594 2138 2139
2143 89.3189 2141 2142
2146 90.6251 2144 2145
2149 94.7505 2147 2148
2152 95.0914 2150 2151
2155 95.7048 2153 2154
2158 98.4990 2156 2157
2161 96.6558 2159 2160
2164 96.0529 2162 2163
2167 97.8708 2165 2166
2170 89.2721 2168 2169
2173 15.0636 2171 2172
2176 62.5935 2174 2175
2179 64.9086 2177 2178
2182 74.1136 2180 2181
2185 79.3215 2183 2184
2188 78.1870 2186 2187
2191 70.2886 2189 2190
2194 78.5357 2192 2193
2197 79.1599 2195 2196
2200 78.4356 2198 2199
2203 76.7596 2201 2202
2206 80.2338 2204 2205
2209 78.4509 2207 2208
2212 79.2357 2210 2211
2215 80.5253 2213 2214
2218 82.3440 2216 2217
2221 80.9904 2219 2220
2224 84.2098 2222 2223
2227 89.6236 2225 2226
2230 91.1502 2228 2229
2233 89.1929 2231 2232
2236 88.4148 2234 2235
2239 90.5163 2237 2238
2242 90.1943 2240 2241
2245 88.6828 2243 2244
2248 90.3447 2246 2247
2251 92.9632 2249 2250
2254 90.6238 2252 2253
2257 86.2285 2255 2256
2260 90.1580 2258 2259
2263 88.8009 2261 2262
2266 82.0319 2264 2265
2269 81.3340 2267 2268
2272 81.1264 2270 2271
2275 78.6355 2273 2274
2278 81.1764 2276 2277
2281 84.4577 2279 2280
2284 90.5313 2282 2283
2287 81.0163 2285 2286
2290 89.1180 2288 2289
2293 91.4286 2291 2292
2296 90.5181 2294 2295
2299 88.0157 2297 2298
2302 88.5062 2300 2301
2305 82.7780 2303 2304
2308 82.1601 2306 2307
2311 80.2735 2309 2310
2314 79.2920 2312 2313
2317 73.5381 2315 2316
2320 86.8486 2318 2319
2323 88.8075 2321 2322
2326 83.0664 2324 2325
2329 80.6719 2327 2328
2332 81.7332 2330 2331
2335 79.7988 2333 2334
2338 78.0576 2336 2337
2341 80.0143 2339 2340
2344 87.1818 2342 2343
2347 89.1051 2345 2346
2350 83.5425 2348 2349
2353 79.1235 2351 2352
2356 80.0777 2354 2355
2359 73.8030 2357 2358
2362 68.7824 2360 2361
2365 60.9902 2363 2364
2368 30.8041 2366 2367
2371 90.1866 2369 2370
2374 91.7560 2372 2373
2377 89.8983 2375 2376
2380 93.8302 2378 2379
2383 94.1577 2381 2382
2386 92.0522 2384 2385
2389 90.4953 2387 2388
2392 87.3550 2390 2391
2395 86.0353 2393 2394
2398 89.3481 2396 2397
2401 87.6121 2399 2400
2404 82.6572 2402 2403
2407 80.4200 2405 2406
2410 82.5102 2408 2409
2413 91.2796 2411 2412
2416 90.0528 2414 2415
2419 88.3114 2417 2418
2422 91.0822 2420 2421
2425 90.3684 2423 2424
2428 92.5654 2426 2427
2431 93.8407 2429 2430
2434 80.5588 2432 2433
2437 73.0577 2435 2436
2440 80.2048 2438 2439
2443 76.7346 2441 2442
2446 78.6065 2444 2445
2449 80.2712 2447 2448
2452 71.7731 2450 2451
2455 80.6094 2453 2454
2458 73.9553 2456 2457
2461 78.4596 2459 2460
2464 75.0853 2462 2463
2467 70.4481 2465 2466
2470 72.7011 2468 2469
2473 73.7297 2471 2472
2476 79.9307 2474 2475
2479 80.4681 2477 2478
2482 82.0927 2480 2481
2485 78.3409 2483 2484
2488 85.6681 2486 2487
2491 71.8331 2489 2490
2494 65.8322 2492 2493
2497 52.5712 2495 2496
2500 8.0127 2498 2499
2503 96.4696 2501 2502
2506 94.2953 2504 2505
2509 80.2568 2507 2508
2512 79.1373 2510 2511
2515 81.9295 2513 2514
2518 78.9875 2516 2517
2521 79.9801 2519 2520
2524 74.3418 2522 2523
2527 82.8711 2525 2526
2530 79.9735 2528 2529
2533 70.7550 2531 2532
2536 69.5608 2534 2535
2539 68.8069 2537 2538
2542 70.1385 2540 2541
2545 82.1242 2543 2544
2548 80.8491 2546 2547
2551 81.5470 2549 2550
2554 88.0410 2552 2553
2557 86.0722 2555 2556
2560 90.1160 2558 2559
2563 90.7580 2561 2562
2566 79.3788 2564 2565
2569 54.6001 2567 2568
2572 50.4235 2570 2571
2575 52.0733 2573 2574
2578 58.8230 2576 2577
2581 54.9030 2579 2580
2584 56.1143 2582 2583
2587 60.1238 2585 2586
2590 61.9937 2588 2589
2593 64.3889 2591 2592
2596 61.6371 2594 2595
2599 54.1188 2597 2598
2602 60.0031 2600 2601
2605 58.7602 2603 2604
2608 59.6561 2606 2607
2611 56.7476 2609 2610
2614 54.1874 2612 2613
2617 48.7519 2615 2616
2620 50.3194 2618 2619
2623 43.3009 2621 2622
2626 28.7564 2624 2625
2629 22.8983 2627 2628
2632 12.3083 2630 2631
