   2.3540900e+01
   0.0000000e+00
   2.5543000e+00
   2.2405000e+00
   4.6356100e+01
   1.3210300e+01
   2.2789000e+00
   1.4657000e+00
   5.8100000e-01
   1.2348000e+00
   2.5594000e+00
   1.0905300e+01
   2.1870000e+00
   2.1352700e+01
   1.0176000e+00
   9.1250000e-01
   1.7669000e+00
   7.9310000e-01
   1.6760000e-01
   1.0523000e+00
   3.7000000e-03
   1.2033900e+01
   5.6473900e+01
   5.6996600e+01
   5.3871200e+01
   5.2596200e+01
   5.6911300e+01
   6.3551700e+01
   6.8576700e+01
   7.0899200e+01
   7.3875000e+01
   7.1116800e+01
   6.9932900e+01
   7.0917500e+01
   7.4144200e+01
   7.2807600e+01
   7.9824000e+01
   8.0036100e+01
   7.6413300e+01
   7.4141300e+01
   7.2899300e+01
   6.0199100e+01
   4.3244400e+01
   4.8639000e+00
   9.6834400e+01
   9.7968700e+01
   9.8045900e+01
   9.8211700e+01
   9.7725600e+01
   9.6549800e+01
   9.2514000e+01
   9.3025600e+01
   9.3887800e+01
   9.5243500e+01
   9.3027100e+01
   8.9418000e+01
   9.4729600e+01
   9.6939100e+01
   9.2618900e+01
   9.7323200e+01
   9.2677500e+01
   9.3101000e+01
   9.5361600e+01
   9.1328300e+01
   9.1193800e+01
   9.0278600e+01
   9.0421600e+01
   9.6804600e+01
   9.2104900e+01
   9.3061200e+01
   9.2569300e+01
   9.6916300e+01
   9.6935200e+01
   9.5482700e+01
   9.6067400e+01
   9.4291800e+01
   9.1549400e+01
   9.0147800e+01
   8.9304100e+01
   9.2493500e+01
   9.5309400e+01
   9.6032100e+01
   9.5549400e+01
   9.5366500e+01
   9.6843500e+01
   9.0157000e+01
   9.1494900e+01
   8.9754800e+01
   5.9248000e+01
   5.3382500e+01
   4.2822600e+01
   4.8041900e+01
   4.2977300e+01
   5.8560400e+01
   6.0920500e+01
   5.8656200e+01
   6.2979300e+01
   5.3725000e+01
   4.2870600e+01
   4.2927400e+01
   4.0879100e+01
   4.0948300e+01
   5.4892100e+01
   5.4915800e+01
   4.3827500e+01
   4.0481600e+01
   3.6351400e+01
   2.4440800e+01
   2.4086300e+01
   2.5258900e+01
   9.0449900e+01
   9.2441700e+01
   9.0901000e+01
   9.0559600e+01
   9.4170600e+01
   9.6531600e+01
   9.0197900e+01
   8.8749500e+01
   8.5884800e+01
   8.9551600e+01
   7.2961600e+01
   8.6480400e+01
   8.1440000e+01
   8.8973200e+01
   9.2190000e+01
   8.9447000e+01
   8.8864200e+01
   9.1252000e+01
   9.0902900e+01
   9.2917500e+01
   9.1332600e+01
   8.9107500e+01
   8.3313700e+01
   7.9502300e+01
   7.9229400e+01
   8.0764100e+01
   9.0644800e+01
   8.6512500e+01
   8.0451900e+01
   8.6378500e+01
   8.7495700e+01
   8.0311400e+01
   8.2816200e+01
   8.4517500e+01
   8.4145600e+01
   8.1509600e+01
   8.2345200e+01
   8.7027900e+01
   8.4250500e+01
   8.9035800e+01
   8.8412000e+01
   8.3194000e+01
   8.9260400e+01
   8.6315400e+01
   7.6545600e+01
   6.0213900e+01
   5.0233500e+01
   6.2997000e+01
   7.2395100e+01
   7.6432100e+01
   7.0923400e+01
   6.8742700e+01
   7.0091100e+01
   6.6211900e+01
   6.2661300e+01
   4.9069600e+01
   4.6722700e+01
   5.1558400e+01
   6.3243300e+01
   7.2222900e+01
   7.2725900e+01
   7.6052600e+01
   7.2146500e+01
   7.9652300e+01
   8.4469100e+01
   8.0230400e+01
   6.5628100e+01
   7.0469500e+01
   6.8466800e+01
   5.0739900e+01
   6.3084400e+01
   7.6959400e+01
   6.9452100e+01
   7.0574000e+01
   7.2730300e+01
   7.9434500e+01
   7.9165400e+01
   6.0276600e+01
   6.2321300e+01
   6.8968000e+01
   7.7062100e+01
   7.8445000e+01
   6.8905300e+01
   8.1542800e+01
   6.0203600e+01
   6.3278000e+01
   7.8190100e+01
   7.6478500e+01
   9.2570300e+01
   9.6416500e+01
   9.6731900e+01
   9.2270400e+01
   9.7213700e+01
   9.7759500e+01
   9.3214000e+01
   9.4233300e+01
   9.1077100e+01
   9.2156000e+01
   9.4204500e+01
   9.0559400e+01
   8.9318900e+01
   9.0625100e+01
   9.4750500e+01
   9.5091400e+01
   9.5704800e+01
   9.8499000e+01
   9.6655800e+01
   9.6052900e+01
   9.7870800e+01
   8.9272100e+01
   1.5063600e+01
   6.2593500e+01
   6.4908600e+01
   7.4113600e+01
   7.9321500e+01
   7.8187000e+01
   7.0288600e+01
   7.8535700e+01
   7.9159900e+01
   7.8435600e+01
   7.6759600e+01
   8.0233800e+01
   7.8450900e+01
   7.9235700e+01
   8.0525300e+01
   8.2344000e+01
   8.0990400e+01
   8.4209800e+01
   8.9623600e+01
   9.1150200e+01
   8.9192900e+01
   8.8414800e+01
   9.0516300e+01
   9.0194300e+01
   8.8682800e+01
   9.0344700e+01
   9.2963200e+01
   9.0623800e+01
   8.6228500e+01
   9.0158000e+01
   8.8800900e+01
   8.2031900e+01
   8.1334000e+01
   8.1126400e+01
   7.8635500e+01
   8.1176400e+01
   8.4457700e+01
   9.0531300e+01
   8.1016300e+01
   8.9118000e+01
   9.1428600e+01
   9.0518100e+01
   8.8015700e+01
   8.8506200e+01
   8.2778000e+01
   8.2160100e+01
   8.0273500e+01
   7.9292000e+01
   7.3538100e+01
   8.6848600e+01
   8.8807500e+01
   8.3066400e+01
   8.0671900e+01
   8.1733200e+01
   7.9798800e+01
   7.8057600e+01
   8.0014300e+01
   8.7181800e+01
   8.9105100e+01
   8.3542500e+01
   7.9123500e+01
   8.0077700e+01
   7.3803000e+01
   6.8782400e+01
   6.0990200e+01
   3.0804100e+01
   9.0186600e+01
   9.1756000e+01
   8.9898300e+01
   9.3830200e+01
   9.4157700e+01
   9.2052200e+01
   9.0495300e+01
   8.7355000e+01
   8.6035300e+01
   8.9348100e+01
   8.7612100e+01
   8.2657200e+01
   8.0420000e+01
   8.2510200e+01
   9.1279600e+01
   9.0052800e+01
   8.8311400e+01
   9.1082200e+01
   9.0368400e+01
   9.2565400e+01
   9.3840700e+01
   8.0558800e+01
   7.3057700e+01
   8.0204800e+01
   7.6734600e+01
   7.8606500e+01
   8.0271200e+01
   7.1773100e+01
   8.0609400e+01
   7.3955300e+01
   7.8459600e+01
   7.5085300e+01
   7.0448100e+01
   7.2701100e+01
   7.3729700e+01
   7.9930700e+01
   8.0468100e+01
   8.2092700e+01
   7.8340900e+01
   8.5668100e+01
   7.1833100e+01
   6.5832200e+01
   5.2571200e+01
   8.0127000e+00
   9.6469600e+01
   9.4295300e+01
   8.0256800e+01
   7.9137300e+01
   8.1929500e+01
   7.8987500e+01
   7.9980100e+01
   7.4341800e+01
   8.2871100e+01
   7.9973500e+01
   7.0755000e+01
   6.9560800e+01
   6.8806900e+01
   7.0138500e+01
   8.2124200e+01
   8.0849100e+01
   8.1547000e+01
   8.8041000e+01
   8.6072200e+01
   9.0116000e+01
   9.0758000e+01
   7.9378800e+01
   5.4600100e+01
   5.0423500e+01
   5.2073300e+01
   5.8823000e+01
   5.4903000e+01
   5.6114300e+01
   6.0123800e+01
   6.1993700e+01
   6.4388900e+01
   6.1637100e+01
   5.4118800e+01
   6.0003100e+01
   5.8760200e+01
   5.9656100e+01
   5.6747600e+01
   5.4187400e+01
   4.8751900e+01
   5.0319400e+01
   4.3300900e+01
   2.8756400e+01
   2.2898300e+01
   1.2308300e+01
